{
 "cells": [
  {
   "cell_type": "code",
   "execution_count": 1,
   "id": "1c2ef66c-b920-430f-9a15-0e7b14fadd9c",
   "metadata": {},
   "outputs": [],
   "source": [
    "import pandas as pd"
   ]
  },
  {
   "cell_type": "code",
   "execution_count": 5,
   "id": "d6977584-f7a0-45eb-9910-4eaf9669a233",
   "metadata": {},
   "outputs": [],
   "source": [
    "bank=pd.read_csv(\"D://datascience//bank+marketing//bank//bank.csv\",sep=\";\")"
   ]
  },
  {
   "cell_type": "code",
   "execution_count": 6,
   "id": "5e045b82-dd6f-4c76-a9f5-ea2164f15031",
   "metadata": {},
   "outputs": [
    {
     "data": {
      "text/html": [
       "<div>\n",
       "<style scoped>\n",
       "    .dataframe tbody tr th:only-of-type {\n",
       "        vertical-align: middle;\n",
       "    }\n",
       "\n",
       "    .dataframe tbody tr th {\n",
       "        vertical-align: top;\n",
       "    }\n",
       "\n",
       "    .dataframe thead th {\n",
       "        text-align: right;\n",
       "    }\n",
       "</style>\n",
       "<table border=\"1\" class=\"dataframe\">\n",
       "  <thead>\n",
       "    <tr style=\"text-align: right;\">\n",
       "      <th></th>\n",
       "      <th>age</th>\n",
       "      <th>job</th>\n",
       "      <th>marital</th>\n",
       "      <th>education</th>\n",
       "      <th>default</th>\n",
       "      <th>balance</th>\n",
       "      <th>housing</th>\n",
       "      <th>loan</th>\n",
       "      <th>contact</th>\n",
       "      <th>day</th>\n",
       "      <th>month</th>\n",
       "      <th>duration</th>\n",
       "      <th>campaign</th>\n",
       "      <th>pdays</th>\n",
       "      <th>previous</th>\n",
       "      <th>poutcome</th>\n",
       "      <th>y</th>\n",
       "    </tr>\n",
       "  </thead>\n",
       "  <tbody>\n",
       "    <tr>\n",
       "      <th>0</th>\n",
       "      <td>30</td>\n",
       "      <td>unemployed</td>\n",
       "      <td>married</td>\n",
       "      <td>primary</td>\n",
       "      <td>no</td>\n",
       "      <td>1787</td>\n",
       "      <td>no</td>\n",
       "      <td>no</td>\n",
       "      <td>cellular</td>\n",
       "      <td>19</td>\n",
       "      <td>oct</td>\n",
       "      <td>79</td>\n",
       "      <td>1</td>\n",
       "      <td>-1</td>\n",
       "      <td>0</td>\n",
       "      <td>unknown</td>\n",
       "      <td>no</td>\n",
       "    </tr>\n",
       "    <tr>\n",
       "      <th>1</th>\n",
       "      <td>33</td>\n",
       "      <td>services</td>\n",
       "      <td>married</td>\n",
       "      <td>secondary</td>\n",
       "      <td>no</td>\n",
       "      <td>4789</td>\n",
       "      <td>yes</td>\n",
       "      <td>yes</td>\n",
       "      <td>cellular</td>\n",
       "      <td>11</td>\n",
       "      <td>may</td>\n",
       "      <td>220</td>\n",
       "      <td>1</td>\n",
       "      <td>339</td>\n",
       "      <td>4</td>\n",
       "      <td>failure</td>\n",
       "      <td>no</td>\n",
       "    </tr>\n",
       "    <tr>\n",
       "      <th>2</th>\n",
       "      <td>35</td>\n",
       "      <td>management</td>\n",
       "      <td>single</td>\n",
       "      <td>tertiary</td>\n",
       "      <td>no</td>\n",
       "      <td>1350</td>\n",
       "      <td>yes</td>\n",
       "      <td>no</td>\n",
       "      <td>cellular</td>\n",
       "      <td>16</td>\n",
       "      <td>apr</td>\n",
       "      <td>185</td>\n",
       "      <td>1</td>\n",
       "      <td>330</td>\n",
       "      <td>1</td>\n",
       "      <td>failure</td>\n",
       "      <td>no</td>\n",
       "    </tr>\n",
       "    <tr>\n",
       "      <th>3</th>\n",
       "      <td>30</td>\n",
       "      <td>management</td>\n",
       "      <td>married</td>\n",
       "      <td>tertiary</td>\n",
       "      <td>no</td>\n",
       "      <td>1476</td>\n",
       "      <td>yes</td>\n",
       "      <td>yes</td>\n",
       "      <td>unknown</td>\n",
       "      <td>3</td>\n",
       "      <td>jun</td>\n",
       "      <td>199</td>\n",
       "      <td>4</td>\n",
       "      <td>-1</td>\n",
       "      <td>0</td>\n",
       "      <td>unknown</td>\n",
       "      <td>no</td>\n",
       "    </tr>\n",
       "    <tr>\n",
       "      <th>4</th>\n",
       "      <td>59</td>\n",
       "      <td>blue-collar</td>\n",
       "      <td>married</td>\n",
       "      <td>secondary</td>\n",
       "      <td>no</td>\n",
       "      <td>0</td>\n",
       "      <td>yes</td>\n",
       "      <td>no</td>\n",
       "      <td>unknown</td>\n",
       "      <td>5</td>\n",
       "      <td>may</td>\n",
       "      <td>226</td>\n",
       "      <td>1</td>\n",
       "      <td>-1</td>\n",
       "      <td>0</td>\n",
       "      <td>unknown</td>\n",
       "      <td>no</td>\n",
       "    </tr>\n",
       "    <tr>\n",
       "      <th>...</th>\n",
       "      <td>...</td>\n",
       "      <td>...</td>\n",
       "      <td>...</td>\n",
       "      <td>...</td>\n",
       "      <td>...</td>\n",
       "      <td>...</td>\n",
       "      <td>...</td>\n",
       "      <td>...</td>\n",
       "      <td>...</td>\n",
       "      <td>...</td>\n",
       "      <td>...</td>\n",
       "      <td>...</td>\n",
       "      <td>...</td>\n",
       "      <td>...</td>\n",
       "      <td>...</td>\n",
       "      <td>...</td>\n",
       "      <td>...</td>\n",
       "    </tr>\n",
       "    <tr>\n",
       "      <th>4516</th>\n",
       "      <td>33</td>\n",
       "      <td>services</td>\n",
       "      <td>married</td>\n",
       "      <td>secondary</td>\n",
       "      <td>no</td>\n",
       "      <td>-333</td>\n",
       "      <td>yes</td>\n",
       "      <td>no</td>\n",
       "      <td>cellular</td>\n",
       "      <td>30</td>\n",
       "      <td>jul</td>\n",
       "      <td>329</td>\n",
       "      <td>5</td>\n",
       "      <td>-1</td>\n",
       "      <td>0</td>\n",
       "      <td>unknown</td>\n",
       "      <td>no</td>\n",
       "    </tr>\n",
       "    <tr>\n",
       "      <th>4517</th>\n",
       "      <td>57</td>\n",
       "      <td>self-employed</td>\n",
       "      <td>married</td>\n",
       "      <td>tertiary</td>\n",
       "      <td>yes</td>\n",
       "      <td>-3313</td>\n",
       "      <td>yes</td>\n",
       "      <td>yes</td>\n",
       "      <td>unknown</td>\n",
       "      <td>9</td>\n",
       "      <td>may</td>\n",
       "      <td>153</td>\n",
       "      <td>1</td>\n",
       "      <td>-1</td>\n",
       "      <td>0</td>\n",
       "      <td>unknown</td>\n",
       "      <td>no</td>\n",
       "    </tr>\n",
       "    <tr>\n",
       "      <th>4518</th>\n",
       "      <td>57</td>\n",
       "      <td>technician</td>\n",
       "      <td>married</td>\n",
       "      <td>secondary</td>\n",
       "      <td>no</td>\n",
       "      <td>295</td>\n",
       "      <td>no</td>\n",
       "      <td>no</td>\n",
       "      <td>cellular</td>\n",
       "      <td>19</td>\n",
       "      <td>aug</td>\n",
       "      <td>151</td>\n",
       "      <td>11</td>\n",
       "      <td>-1</td>\n",
       "      <td>0</td>\n",
       "      <td>unknown</td>\n",
       "      <td>no</td>\n",
       "    </tr>\n",
       "    <tr>\n",
       "      <th>4519</th>\n",
       "      <td>28</td>\n",
       "      <td>blue-collar</td>\n",
       "      <td>married</td>\n",
       "      <td>secondary</td>\n",
       "      <td>no</td>\n",
       "      <td>1137</td>\n",
       "      <td>no</td>\n",
       "      <td>no</td>\n",
       "      <td>cellular</td>\n",
       "      <td>6</td>\n",
       "      <td>feb</td>\n",
       "      <td>129</td>\n",
       "      <td>4</td>\n",
       "      <td>211</td>\n",
       "      <td>3</td>\n",
       "      <td>other</td>\n",
       "      <td>no</td>\n",
       "    </tr>\n",
       "    <tr>\n",
       "      <th>4520</th>\n",
       "      <td>44</td>\n",
       "      <td>entrepreneur</td>\n",
       "      <td>single</td>\n",
       "      <td>tertiary</td>\n",
       "      <td>no</td>\n",
       "      <td>1136</td>\n",
       "      <td>yes</td>\n",
       "      <td>yes</td>\n",
       "      <td>cellular</td>\n",
       "      <td>3</td>\n",
       "      <td>apr</td>\n",
       "      <td>345</td>\n",
       "      <td>2</td>\n",
       "      <td>249</td>\n",
       "      <td>7</td>\n",
       "      <td>other</td>\n",
       "      <td>no</td>\n",
       "    </tr>\n",
       "  </tbody>\n",
       "</table>\n",
       "<p>4521 rows × 17 columns</p>\n",
       "</div>"
      ],
      "text/plain": [
       "      age            job  marital  education default  balance housing loan  \\\n",
       "0      30     unemployed  married    primary      no     1787      no   no   \n",
       "1      33       services  married  secondary      no     4789     yes  yes   \n",
       "2      35     management   single   tertiary      no     1350     yes   no   \n",
       "3      30     management  married   tertiary      no     1476     yes  yes   \n",
       "4      59    blue-collar  married  secondary      no        0     yes   no   \n",
       "...   ...            ...      ...        ...     ...      ...     ...  ...   \n",
       "4516   33       services  married  secondary      no     -333     yes   no   \n",
       "4517   57  self-employed  married   tertiary     yes    -3313     yes  yes   \n",
       "4518   57     technician  married  secondary      no      295      no   no   \n",
       "4519   28    blue-collar  married  secondary      no     1137      no   no   \n",
       "4520   44   entrepreneur   single   tertiary      no     1136     yes  yes   \n",
       "\n",
       "       contact  day month  duration  campaign  pdays  previous poutcome   y  \n",
       "0     cellular   19   oct        79         1     -1         0  unknown  no  \n",
       "1     cellular   11   may       220         1    339         4  failure  no  \n",
       "2     cellular   16   apr       185         1    330         1  failure  no  \n",
       "3      unknown    3   jun       199         4     -1         0  unknown  no  \n",
       "4      unknown    5   may       226         1     -1         0  unknown  no  \n",
       "...        ...  ...   ...       ...       ...    ...       ...      ...  ..  \n",
       "4516  cellular   30   jul       329         5     -1         0  unknown  no  \n",
       "4517   unknown    9   may       153         1     -1         0  unknown  no  \n",
       "4518  cellular   19   aug       151        11     -1         0  unknown  no  \n",
       "4519  cellular    6   feb       129         4    211         3    other  no  \n",
       "4520  cellular    3   apr       345         2    249         7    other  no  \n",
       "\n",
       "[4521 rows x 17 columns]"
      ]
     },
     "execution_count": 6,
     "metadata": {},
     "output_type": "execute_result"
    }
   ],
   "source": [
    "bank"
   ]
  },
  {
   "cell_type": "code",
   "execution_count": 7,
   "id": "5be04f72-2882-4d32-ae48-a9b72ac28c12",
   "metadata": {},
   "outputs": [
    {
     "data": {
      "text/plain": [
       "Index(['age', 'job', 'marital', 'education', 'default', 'balance', 'housing',\n",
       "       'loan', 'contact', 'day', 'month', 'duration', 'campaign', 'pdays',\n",
       "       'previous', 'poutcome', 'y'],\n",
       "      dtype='object')"
      ]
     },
     "execution_count": 7,
     "metadata": {},
     "output_type": "execute_result"
    }
   ],
   "source": [
    "bank.columns"
   ]
  },
  {
   "cell_type": "code",
   "execution_count": 8,
   "id": "ca2a947c-ed8f-4004-be3f-df5e8cb725f2",
   "metadata": {},
   "outputs": [
    {
     "data": {
      "text/plain": [
       "age           int64\n",
       "job          object\n",
       "marital      object\n",
       "education    object\n",
       "default      object\n",
       "balance       int64\n",
       "housing      object\n",
       "loan         object\n",
       "contact      object\n",
       "day           int64\n",
       "month        object\n",
       "duration      int64\n",
       "campaign      int64\n",
       "pdays         int64\n",
       "previous      int64\n",
       "poutcome     object\n",
       "y            object\n",
       "dtype: object"
      ]
     },
     "execution_count": 8,
     "metadata": {},
     "output_type": "execute_result"
    }
   ],
   "source": [
    "bank.dtypes"
   ]
  },
  {
   "cell_type": "code",
   "execution_count": 9,
   "id": "38d2619e-e543-4d69-b9ba-3d7501c26a92",
   "metadata": {},
   "outputs": [
    {
     "data": {
      "text/plain": [
       "Index(['job', 'marital', 'education', 'default', 'housing', 'loan', 'contact',\n",
       "       'month', 'poutcome', 'y'],\n",
       "      dtype='object')"
      ]
     },
     "execution_count": 9,
     "metadata": {},
     "output_type": "execute_result"
    }
   ],
   "source": [
    "bank.select_dtypes('object').columns"
   ]
  },
  {
   "cell_type": "code",
   "execution_count": 10,
   "id": "213d2341-6e0e-42a1-969f-0f2211713760",
   "metadata": {},
   "outputs": [
    {
     "data": {
      "text/plain": [
       "age           int64\n",
       "job          object\n",
       "marital      object\n",
       "education    object\n",
       "default      object\n",
       "balance       int64\n",
       "housing      object\n",
       "loan         object\n",
       "contact      object\n",
       "day           int64\n",
       "month        object\n",
       "duration      int64\n",
       "campaign      int64\n",
       "pdays         int64\n",
       "previous      int64\n",
       "poutcome     object\n",
       "y            object\n",
       "dtype: object"
      ]
     },
     "execution_count": 10,
     "metadata": {},
     "output_type": "execute_result"
    }
   ],
   "source": [
    "bank.dtypes"
   ]
  },
  {
   "cell_type": "code",
   "execution_count": 13,
   "id": "073f59cb-62d6-4375-9b73-075f4d9a504b",
   "metadata": {},
   "outputs": [],
   "source": [
    "non_numeric=bank.select_dtypes('object').columns.to_list()"
   ]
  },
  {
   "cell_type": "code",
   "execution_count": 12,
   "id": "4f8c8b24-48e6-4b82-97f8-6236ec230f84",
   "metadata": {},
   "outputs": [
    {
     "data": {
      "text/plain": [
       "age           int64\n",
       "job          object\n",
       "marital      object\n",
       "education    object\n",
       "default      object\n",
       "balance       int64\n",
       "housing      object\n",
       "loan         object\n",
       "contact      object\n",
       "day           int64\n",
       "month        object\n",
       "duration      int64\n",
       "campaign      int64\n",
       "pdays         int64\n",
       "previous      int64\n",
       "poutcome     object\n",
       "y            object\n",
       "dtype: object"
      ]
     },
     "execution_count": 12,
     "metadata": {},
     "output_type": "execute_result"
    }
   ],
   "source": [
    "bank.dtypes"
   ]
  },
  {
   "cell_type": "code",
   "execution_count": 14,
   "id": "300f3f4a-5ff3-44c9-9848-21f483fde4b3",
   "metadata": {},
   "outputs": [],
   "source": [
    "from sklearn.preprocessing import LabelEncoder"
   ]
  },
  {
   "cell_type": "code",
   "execution_count": 15,
   "id": "21d75495-f8be-4b6e-965a-db35d6eb98a1",
   "metadata": {},
   "outputs": [],
   "source": [
    "le = LabelEncoder()\n",
    "for c in non_numeric:\n",
    "    bank[c]=le.fit_transform(bank[c])\n",
    "    "
   ]
  },
  {
   "cell_type": "code",
   "execution_count": 24,
   "id": "b5b0ff55-76e7-4d44-88c8-03adc5d631a6",
   "metadata": {},
   "outputs": [
    {
     "data": {
      "text/plain": [
       "age          int64\n",
       "job          int32\n",
       "marital      int32\n",
       "education    int32\n",
       "default      int32\n",
       "balance      int64\n",
       "housing      int32\n",
       "loan         int32\n",
       "contact      int32\n",
       "day          int64\n",
       "month        int32\n",
       "duration     int64\n",
       "campaign     int64\n",
       "pdays        int64\n",
       "previous     int64\n",
       "poutcome     int32\n",
       "y            int32\n",
       "dtype: object"
      ]
     },
     "execution_count": 24,
     "metadata": {},
     "output_type": "execute_result"
    }
   ],
   "source": [
    "bank.dtypes"
   ]
  },
  {
   "cell_type": "code",
   "execution_count": 16,
   "id": "5b27b280-0295-45a4-b9b7-7fbff1e12726",
   "metadata": {},
   "outputs": [
    {
     "data": {
      "text/html": [
       "<div>\n",
       "<style scoped>\n",
       "    .dataframe tbody tr th:only-of-type {\n",
       "        vertical-align: middle;\n",
       "    }\n",
       "\n",
       "    .dataframe tbody tr th {\n",
       "        vertical-align: top;\n",
       "    }\n",
       "\n",
       "    .dataframe thead th {\n",
       "        text-align: right;\n",
       "    }\n",
       "</style>\n",
       "<table border=\"1\" class=\"dataframe\">\n",
       "  <thead>\n",
       "    <tr style=\"text-align: right;\">\n",
       "      <th></th>\n",
       "      <th>age</th>\n",
       "      <th>job</th>\n",
       "      <th>marital</th>\n",
       "      <th>education</th>\n",
       "      <th>default</th>\n",
       "      <th>balance</th>\n",
       "      <th>housing</th>\n",
       "      <th>loan</th>\n",
       "      <th>contact</th>\n",
       "      <th>day</th>\n",
       "      <th>month</th>\n",
       "      <th>duration</th>\n",
       "      <th>campaign</th>\n",
       "      <th>pdays</th>\n",
       "      <th>previous</th>\n",
       "      <th>poutcome</th>\n",
       "      <th>y</th>\n",
       "    </tr>\n",
       "  </thead>\n",
       "  <tbody>\n",
       "    <tr>\n",
       "      <th>age</th>\n",
       "      <td>1.000000</td>\n",
       "      <td>-0.021500</td>\n",
       "      <td>-0.381485</td>\n",
       "      <td>-0.121613</td>\n",
       "      <td>-0.017885</td>\n",
       "      <td>0.083820</td>\n",
       "      <td>-0.193888</td>\n",
       "      <td>-0.011250</td>\n",
       "      <td>0.015161</td>\n",
       "      <td>-0.017853</td>\n",
       "      <td>-0.040714</td>\n",
       "      <td>-0.002367</td>\n",
       "      <td>-0.005148</td>\n",
       "      <td>-0.008894</td>\n",
       "      <td>-0.003511</td>\n",
       "      <td>-0.009320</td>\n",
       "      <td>0.045092</td>\n",
       "    </tr>\n",
       "    <tr>\n",
       "      <th>job</th>\n",
       "      <td>-0.021500</td>\n",
       "      <td>1.000000</td>\n",
       "      <td>0.069390</td>\n",
       "      <td>0.170160</td>\n",
       "      <td>0.008324</td>\n",
       "      <td>0.009797</td>\n",
       "      <td>-0.128353</td>\n",
       "      <td>-0.040245</td>\n",
       "      <td>-0.074068</td>\n",
       "      <td>0.012865</td>\n",
       "      <td>-0.096613</td>\n",
       "      <td>-0.006739</td>\n",
       "      <td>-0.002739</td>\n",
       "      <td>-0.022760</td>\n",
       "      <td>0.005029</td>\n",
       "      <td>0.013049</td>\n",
       "      <td>0.027401</td>\n",
       "    </tr>\n",
       "    <tr>\n",
       "      <th>marital</th>\n",
       "      <td>-0.381485</td>\n",
       "      <td>0.069390</td>\n",
       "      <td>1.000000</td>\n",
       "      <td>0.102714</td>\n",
       "      <td>-0.020745</td>\n",
       "      <td>0.024971</td>\n",
       "      <td>-0.029851</td>\n",
       "      <td>-0.045210</td>\n",
       "      <td>-0.068236</td>\n",
       "      <td>0.008794</td>\n",
       "      <td>-0.035855</td>\n",
       "      <td>0.006619</td>\n",
       "      <td>0.005915</td>\n",
       "      <td>0.017050</td>\n",
       "      <td>0.038028</td>\n",
       "      <td>-0.027716</td>\n",
       "      <td>0.015042</td>\n",
       "    </tr>\n",
       "    <tr>\n",
       "      <th>education</th>\n",
       "      <td>-0.121613</td>\n",
       "      <td>0.170160</td>\n",
       "      <td>0.102714</td>\n",
       "      <td>1.000000</td>\n",
       "      <td>-0.010534</td>\n",
       "      <td>0.057725</td>\n",
       "      <td>-0.087070</td>\n",
       "      <td>-0.054086</td>\n",
       "      <td>-0.110554</td>\n",
       "      <td>0.014926</td>\n",
       "      <td>-0.050086</td>\n",
       "      <td>-0.014878</td>\n",
       "      <td>-0.001723</td>\n",
       "      <td>0.012077</td>\n",
       "      <td>0.023983</td>\n",
       "      <td>-0.032135</td>\n",
       "      <td>0.042987</td>\n",
       "    </tr>\n",
       "    <tr>\n",
       "      <th>default</th>\n",
       "      <td>-0.017885</td>\n",
       "      <td>0.008324</td>\n",
       "      <td>-0.020745</td>\n",
       "      <td>-0.010534</td>\n",
       "      <td>1.000000</td>\n",
       "      <td>-0.070886</td>\n",
       "      <td>0.006881</td>\n",
       "      <td>0.063994</td>\n",
       "      <td>0.008448</td>\n",
       "      <td>-0.013261</td>\n",
       "      <td>0.014297</td>\n",
       "      <td>-0.011615</td>\n",
       "      <td>-0.012348</td>\n",
       "      <td>-0.026317</td>\n",
       "      <td>-0.026656</td>\n",
       "      <td>0.039032</td>\n",
       "      <td>0.001303</td>\n",
       "    </tr>\n",
       "    <tr>\n",
       "      <th>balance</th>\n",
       "      <td>0.083820</td>\n",
       "      <td>0.009797</td>\n",
       "      <td>0.024971</td>\n",
       "      <td>0.057725</td>\n",
       "      <td>-0.070886</td>\n",
       "      <td>1.000000</td>\n",
       "      <td>-0.050227</td>\n",
       "      <td>-0.071349</td>\n",
       "      <td>-0.009665</td>\n",
       "      <td>-0.008677</td>\n",
       "      <td>0.023113</td>\n",
       "      <td>-0.015950</td>\n",
       "      <td>-0.009976</td>\n",
       "      <td>0.009437</td>\n",
       "      <td>0.026196</td>\n",
       "      <td>-0.029268</td>\n",
       "      <td>0.017905</td>\n",
       "    </tr>\n",
       "    <tr>\n",
       "      <th>housing</th>\n",
       "      <td>-0.193888</td>\n",
       "      <td>-0.128353</td>\n",
       "      <td>-0.029851</td>\n",
       "      <td>-0.087070</td>\n",
       "      <td>0.006881</td>\n",
       "      <td>-0.050227</td>\n",
       "      <td>1.000000</td>\n",
       "      <td>0.018451</td>\n",
       "      <td>0.196454</td>\n",
       "      <td>-0.031291</td>\n",
       "      <td>0.266630</td>\n",
       "      <td>0.015740</td>\n",
       "      <td>-0.003574</td>\n",
       "      <td>0.116893</td>\n",
       "      <td>0.038621</td>\n",
       "      <td>-0.093093</td>\n",
       "      <td>-0.104683</td>\n",
       "    </tr>\n",
       "    <tr>\n",
       "      <th>loan</th>\n",
       "      <td>-0.011250</td>\n",
       "      <td>-0.040245</td>\n",
       "      <td>-0.045210</td>\n",
       "      <td>-0.054086</td>\n",
       "      <td>0.063994</td>\n",
       "      <td>-0.071349</td>\n",
       "      <td>0.018451</td>\n",
       "      <td>1.000000</td>\n",
       "      <td>-0.007319</td>\n",
       "      <td>-0.004879</td>\n",
       "      <td>0.016329</td>\n",
       "      <td>-0.004997</td>\n",
       "      <td>0.017120</td>\n",
       "      <td>-0.031086</td>\n",
       "      <td>-0.022115</td>\n",
       "      <td>0.027028</td>\n",
       "      <td>-0.070517</td>\n",
       "    </tr>\n",
       "    <tr>\n",
       "      <th>contact</th>\n",
       "      <td>0.015161</td>\n",
       "      <td>-0.074068</td>\n",
       "      <td>-0.068236</td>\n",
       "      <td>-0.110554</td>\n",
       "      <td>0.008448</td>\n",
       "      <td>-0.009665</td>\n",
       "      <td>0.196454</td>\n",
       "      <td>-0.007319</td>\n",
       "      <td>1.000000</td>\n",
       "      <td>-0.033807</td>\n",
       "      <td>0.370077</td>\n",
       "      <td>-0.011380</td>\n",
       "      <td>0.012278</td>\n",
       "      <td>-0.243223</td>\n",
       "      <td>-0.187232</td>\n",
       "      <td>0.267173</td>\n",
       "      <td>-0.133595</td>\n",
       "    </tr>\n",
       "    <tr>\n",
       "      <th>day</th>\n",
       "      <td>-0.017853</td>\n",
       "      <td>0.012865</td>\n",
       "      <td>0.008794</td>\n",
       "      <td>0.014926</td>\n",
       "      <td>-0.013261</td>\n",
       "      <td>-0.008677</td>\n",
       "      <td>-0.031291</td>\n",
       "      <td>-0.004879</td>\n",
       "      <td>-0.033807</td>\n",
       "      <td>1.000000</td>\n",
       "      <td>-0.014795</td>\n",
       "      <td>-0.024629</td>\n",
       "      <td>0.160706</td>\n",
       "      <td>-0.094352</td>\n",
       "      <td>-0.059114</td>\n",
       "      <td>0.073714</td>\n",
       "      <td>-0.011244</td>\n",
       "    </tr>\n",
       "    <tr>\n",
       "      <th>month</th>\n",
       "      <td>-0.040714</td>\n",
       "      <td>-0.096613</td>\n",
       "      <td>-0.035855</td>\n",
       "      <td>-0.050086</td>\n",
       "      <td>0.014297</td>\n",
       "      <td>0.023113</td>\n",
       "      <td>0.266630</td>\n",
       "      <td>0.016329</td>\n",
       "      <td>0.370077</td>\n",
       "      <td>-0.014795</td>\n",
       "      <td>1.000000</td>\n",
       "      <td>0.000851</td>\n",
       "      <td>-0.108915</td>\n",
       "      <td>0.033292</td>\n",
       "      <td>0.046899</td>\n",
       "      <td>-0.030189</td>\n",
       "      <td>-0.040933</td>\n",
       "    </tr>\n",
       "    <tr>\n",
       "      <th>duration</th>\n",
       "      <td>-0.002367</td>\n",
       "      <td>-0.006739</td>\n",
       "      <td>0.006619</td>\n",
       "      <td>-0.014878</td>\n",
       "      <td>-0.011615</td>\n",
       "      <td>-0.015950</td>\n",
       "      <td>0.015740</td>\n",
       "      <td>-0.004997</td>\n",
       "      <td>-0.011380</td>\n",
       "      <td>-0.024629</td>\n",
       "      <td>0.000851</td>\n",
       "      <td>1.000000</td>\n",
       "      <td>-0.068382</td>\n",
       "      <td>0.010380</td>\n",
       "      <td>0.018080</td>\n",
       "      <td>0.000478</td>\n",
       "      <td>0.401118</td>\n",
       "    </tr>\n",
       "    <tr>\n",
       "      <th>campaign</th>\n",
       "      <td>-0.005148</td>\n",
       "      <td>-0.002739</td>\n",
       "      <td>0.005915</td>\n",
       "      <td>-0.001723</td>\n",
       "      <td>-0.012348</td>\n",
       "      <td>-0.009976</td>\n",
       "      <td>-0.003574</td>\n",
       "      <td>0.017120</td>\n",
       "      <td>0.012278</td>\n",
       "      <td>0.160706</td>\n",
       "      <td>-0.108915</td>\n",
       "      <td>-0.068382</td>\n",
       "      <td>1.000000</td>\n",
       "      <td>-0.093137</td>\n",
       "      <td>-0.067833</td>\n",
       "      <td>0.110703</td>\n",
       "      <td>-0.061147</td>\n",
       "    </tr>\n",
       "    <tr>\n",
       "      <th>pdays</th>\n",
       "      <td>-0.008894</td>\n",
       "      <td>-0.022760</td>\n",
       "      <td>0.017050</td>\n",
       "      <td>0.012077</td>\n",
       "      <td>-0.026317</td>\n",
       "      <td>0.009437</td>\n",
       "      <td>0.116893</td>\n",
       "      <td>-0.031086</td>\n",
       "      <td>-0.243223</td>\n",
       "      <td>-0.094352</td>\n",
       "      <td>0.033292</td>\n",
       "      <td>0.010380</td>\n",
       "      <td>-0.093137</td>\n",
       "      <td>1.000000</td>\n",
       "      <td>0.577562</td>\n",
       "      <td>-0.859245</td>\n",
       "      <td>0.104087</td>\n",
       "    </tr>\n",
       "    <tr>\n",
       "      <th>previous</th>\n",
       "      <td>-0.003511</td>\n",
       "      <td>0.005029</td>\n",
       "      <td>0.038028</td>\n",
       "      <td>0.023983</td>\n",
       "      <td>-0.026656</td>\n",
       "      <td>0.026196</td>\n",
       "      <td>0.038621</td>\n",
       "      <td>-0.022115</td>\n",
       "      <td>-0.187232</td>\n",
       "      <td>-0.059114</td>\n",
       "      <td>0.046899</td>\n",
       "      <td>0.018080</td>\n",
       "      <td>-0.067833</td>\n",
       "      <td>0.577562</td>\n",
       "      <td>1.000000</td>\n",
       "      <td>-0.636372</td>\n",
       "      <td>0.116714</td>\n",
       "    </tr>\n",
       "    <tr>\n",
       "      <th>poutcome</th>\n",
       "      <td>-0.009320</td>\n",
       "      <td>0.013049</td>\n",
       "      <td>-0.027716</td>\n",
       "      <td>-0.032135</td>\n",
       "      <td>0.039032</td>\n",
       "      <td>-0.029268</td>\n",
       "      <td>-0.093093</td>\n",
       "      <td>0.027028</td>\n",
       "      <td>0.267173</td>\n",
       "      <td>0.073714</td>\n",
       "      <td>-0.030189</td>\n",
       "      <td>0.000478</td>\n",
       "      <td>0.110703</td>\n",
       "      <td>-0.859245</td>\n",
       "      <td>-0.636372</td>\n",
       "      <td>1.000000</td>\n",
       "      <td>-0.082632</td>\n",
       "    </tr>\n",
       "    <tr>\n",
       "      <th>y</th>\n",
       "      <td>0.045092</td>\n",
       "      <td>0.027401</td>\n",
       "      <td>0.015042</td>\n",
       "      <td>0.042987</td>\n",
       "      <td>0.001303</td>\n",
       "      <td>0.017905</td>\n",
       "      <td>-0.104683</td>\n",
       "      <td>-0.070517</td>\n",
       "      <td>-0.133595</td>\n",
       "      <td>-0.011244</td>\n",
       "      <td>-0.040933</td>\n",
       "      <td>0.401118</td>\n",
       "      <td>-0.061147</td>\n",
       "      <td>0.104087</td>\n",
       "      <td>0.116714</td>\n",
       "      <td>-0.082632</td>\n",
       "      <td>1.000000</td>\n",
       "    </tr>\n",
       "  </tbody>\n",
       "</table>\n",
       "</div>"
      ],
      "text/plain": [
       "                age       job   marital  education   default   balance  \\\n",
       "age        1.000000 -0.021500 -0.381485  -0.121613 -0.017885  0.083820   \n",
       "job       -0.021500  1.000000  0.069390   0.170160  0.008324  0.009797   \n",
       "marital   -0.381485  0.069390  1.000000   0.102714 -0.020745  0.024971   \n",
       "education -0.121613  0.170160  0.102714   1.000000 -0.010534  0.057725   \n",
       "default   -0.017885  0.008324 -0.020745  -0.010534  1.000000 -0.070886   \n",
       "balance    0.083820  0.009797  0.024971   0.057725 -0.070886  1.000000   \n",
       "housing   -0.193888 -0.128353 -0.029851  -0.087070  0.006881 -0.050227   \n",
       "loan      -0.011250 -0.040245 -0.045210  -0.054086  0.063994 -0.071349   \n",
       "contact    0.015161 -0.074068 -0.068236  -0.110554  0.008448 -0.009665   \n",
       "day       -0.017853  0.012865  0.008794   0.014926 -0.013261 -0.008677   \n",
       "month     -0.040714 -0.096613 -0.035855  -0.050086  0.014297  0.023113   \n",
       "duration  -0.002367 -0.006739  0.006619  -0.014878 -0.011615 -0.015950   \n",
       "campaign  -0.005148 -0.002739  0.005915  -0.001723 -0.012348 -0.009976   \n",
       "pdays     -0.008894 -0.022760  0.017050   0.012077 -0.026317  0.009437   \n",
       "previous  -0.003511  0.005029  0.038028   0.023983 -0.026656  0.026196   \n",
       "poutcome  -0.009320  0.013049 -0.027716  -0.032135  0.039032 -0.029268   \n",
       "y          0.045092  0.027401  0.015042   0.042987  0.001303  0.017905   \n",
       "\n",
       "            housing      loan   contact       day     month  duration  \\\n",
       "age       -0.193888 -0.011250  0.015161 -0.017853 -0.040714 -0.002367   \n",
       "job       -0.128353 -0.040245 -0.074068  0.012865 -0.096613 -0.006739   \n",
       "marital   -0.029851 -0.045210 -0.068236  0.008794 -0.035855  0.006619   \n",
       "education -0.087070 -0.054086 -0.110554  0.014926 -0.050086 -0.014878   \n",
       "default    0.006881  0.063994  0.008448 -0.013261  0.014297 -0.011615   \n",
       "balance   -0.050227 -0.071349 -0.009665 -0.008677  0.023113 -0.015950   \n",
       "housing    1.000000  0.018451  0.196454 -0.031291  0.266630  0.015740   \n",
       "loan       0.018451  1.000000 -0.007319 -0.004879  0.016329 -0.004997   \n",
       "contact    0.196454 -0.007319  1.000000 -0.033807  0.370077 -0.011380   \n",
       "day       -0.031291 -0.004879 -0.033807  1.000000 -0.014795 -0.024629   \n",
       "month      0.266630  0.016329  0.370077 -0.014795  1.000000  0.000851   \n",
       "duration   0.015740 -0.004997 -0.011380 -0.024629  0.000851  1.000000   \n",
       "campaign  -0.003574  0.017120  0.012278  0.160706 -0.108915 -0.068382   \n",
       "pdays      0.116893 -0.031086 -0.243223 -0.094352  0.033292  0.010380   \n",
       "previous   0.038621 -0.022115 -0.187232 -0.059114  0.046899  0.018080   \n",
       "poutcome  -0.093093  0.027028  0.267173  0.073714 -0.030189  0.000478   \n",
       "y         -0.104683 -0.070517 -0.133595 -0.011244 -0.040933  0.401118   \n",
       "\n",
       "           campaign     pdays  previous  poutcome         y  \n",
       "age       -0.005148 -0.008894 -0.003511 -0.009320  0.045092  \n",
       "job       -0.002739 -0.022760  0.005029  0.013049  0.027401  \n",
       "marital    0.005915  0.017050  0.038028 -0.027716  0.015042  \n",
       "education -0.001723  0.012077  0.023983 -0.032135  0.042987  \n",
       "default   -0.012348 -0.026317 -0.026656  0.039032  0.001303  \n",
       "balance   -0.009976  0.009437  0.026196 -0.029268  0.017905  \n",
       "housing   -0.003574  0.116893  0.038621 -0.093093 -0.104683  \n",
       "loan       0.017120 -0.031086 -0.022115  0.027028 -0.070517  \n",
       "contact    0.012278 -0.243223 -0.187232  0.267173 -0.133595  \n",
       "day        0.160706 -0.094352 -0.059114  0.073714 -0.011244  \n",
       "month     -0.108915  0.033292  0.046899 -0.030189 -0.040933  \n",
       "duration  -0.068382  0.010380  0.018080  0.000478  0.401118  \n",
       "campaign   1.000000 -0.093137 -0.067833  0.110703 -0.061147  \n",
       "pdays     -0.093137  1.000000  0.577562 -0.859245  0.104087  \n",
       "previous  -0.067833  0.577562  1.000000 -0.636372  0.116714  \n",
       "poutcome   0.110703 -0.859245 -0.636372  1.000000 -0.082632  \n",
       "y         -0.061147  0.104087  0.116714 -0.082632  1.000000  "
      ]
     },
     "execution_count": 16,
     "metadata": {},
     "output_type": "execute_result"
    }
   ],
   "source": [
    "bank.corr()"
   ]
  },
  {
   "cell_type": "code",
   "execution_count": 17,
   "id": "c5460ebe-6cf9-465e-95b8-14a44be17db6",
   "metadata": {},
   "outputs": [],
   "source": [
    "X = bank.drop('y',axis=1)\n",
    "Y = bank['y']"
   ]
  },
  {
   "cell_type": "code",
   "execution_count": 18,
   "id": "03aaa2a0-569c-4ad7-8cac-cc0993cd1ce0",
   "metadata": {},
   "outputs": [],
   "source": [
    "from sklearn.model_selection import train_test_split\n",
    "X_train,X_test,Y_train,Y_test=train_test_split(X,Y,test_size=0.3,random_state=0)"
   ]
  },
  {
   "cell_type": "code",
   "execution_count": 19,
   "id": "1e9474dc-d724-4c98-b1d6-5e9389182cb3",
   "metadata": {},
   "outputs": [
    {
     "name": "stderr",
     "output_type": "stream",
     "text": [
      "C:\\ProgramData\\anaconda3\\Lib\\site-packages\\sklearn\\linear_model\\_logistic.py:458: ConvergenceWarning: lbfgs failed to converge (status=1):\n",
      "STOP: TOTAL NO. of ITERATIONS REACHED LIMIT.\n",
      "\n",
      "Increase the number of iterations (max_iter) or scale the data as shown in:\n",
      "    https://scikit-learn.org/stable/modules/preprocessing.html\n",
      "Please also refer to the documentation for alternative solver options:\n",
      "    https://scikit-learn.org/stable/modules/linear_model.html#logistic-regression\n",
      "  n_iter_i = _check_optimize_result(\n"
     ]
    },
    {
     "data": {
      "text/html": [
